Objective value = 7.000000
Solution time = 0.030 s
w_0             = 1.000000
w_1             = 1.000000
w_2             = 1.000000
w_3             = 1.000000
w_4             = 1.000000
w_5             = 1.000000
w_6             = 1.000000
X_0_1_0         = 1.000000
X_0_2_0         = 1.000000
X_0_3_0         = 1.000000
X_0_4_0         = 1.000000
X_0_5_0         = 1.000000
X_0_6_0         = 1.000000
X_1_0_0         = 1.000000
X_2_0_0         = 1.000000
X_3_0_0         = 1.000000
X_4_0_0         = 1.000000
X_6_0_0         = 1.000000
X_1_4_0         = 1.000000
X_4_1_0         = 1.000000
X_3_6_0         = 1.000000
X_6_3_0         = 1.000000
X_5_6_0         = 1.000000
X_6_5_0         = 1.000000
X_0_1_1         = 1.000000
X_0_2_1         = 1.000000
X_0_3_1         = 1.000000
X_0_4_1         = 1.000000
X_0_5_1         = 1.000000
X_0_6_1         = 1.000000
X_1_0_1         = 1.000000
X_2_0_1         = 1.000000
X_3_0_1         = 1.000000
X_4_0_1         = 1.000000
X_5_0_1         = 1.000000
X_1_2_1         = 1.000000
X_1_4_1         = 1.000000
X_2_1_1         = 1.000000
X_4_1_1         = 1.000000
X_6_3_1         = 1.000000
X_5_6_1         = 1.000000
X_6_5_1         = 1.000000
